# Time	Population
0.0000	99.0000	1.0000	0.0000
0.0100	98.5050	1.4940	0.0010
1.0100	97.7692	2.2283	0.0025
2.0100	96.6799	3.3154	0.0047
3.0100	95.0772	4.9148	0.0080
4.0100	92.7408	7.2463	0.0130
5.0100	89.3806	10.5992	0.0202
6.0100	84.6438	15.3254	0.0308
7.0100	78.1578	21.7960	0.0461
8.0100	69.6402	30.2919	0.0679
9.0100	59.0925	40.8093	0.0982
10.0100	47.0349	52.8261	0.1390
11.0100	34.6116	65.1966	0.1918
12.0100	23.3288	76.4142	0.2570
13.0100	14.4155	85.2510	0.3335
14.0100	8.2708	91.3105	0.4187
15.0100	4.4948	94.9952	0.5100
16.0100	2.3599	97.0351	0.6050
17.0100	1.2149	98.0830	0.7020
18.0100	0.6191	98.5808	0.8001
19.0100	0.3139	98.7873	0.8987
20.0100	0.1589	98.8436	0.9975
21.0100	0.0804	98.8233	1.0963
22.0100	0.0407	98.7642	1.1952
23.0100	0.0206	98.6855	1.2939
24.0100	0.0104	98.5970	1.3926
25.0100	0.0053	98.5035	1.4912
26.0100	0.0027	98.4076	1.5897
27.0100	0.0014	98.3105	1.6881
28.0100	0.0007	98.2129	1.7864
29.0100	0.0004	98.1150	1.8846
30.0100	0.0002	98.0171	1.9828
31.0100	0.0001	97.9191	2.0808
32.0100	0.0000	97.8213	2.1787
33.0100	0.0000	97.7235	2.2765
34.0100	0.0000	97.6257	2.3742
35.0100	0.0000	97.5281	2.4719
36.0100	0.0000	97.4306	2.5694
37.0100	0.0000	97.3332	2.6668
38.0100	0.0000	97.2358	2.7642
39.0100	0.0000	97.1386	2.8614
40.0100	0.0000	97.0415	2.9585
41.0100	0.0000	96.9444	3.0556
42.0100	0.0000	96.8475	3.1525
43.0100	0.0000	96.7506	3.2494
44.0100	0.0000	96.6539	3.3461
45.0100	0.0000	96.5572	3.4428
46.0100	0.0000	96.4607	3.5393
47.0100	0.0000	96.3642	3.6358
48.0100	0.0000	96.2678	3.7322
49.0100	0.0000	96.1716	3.8284
50.0100	0.0000	96.0754	3.9246
51.0100	0.0000	95.9793	4.0207
52.0100	0.0000	95.8833	4.1167
53.0100	0.0000	95.7875	4.2125
54.0100	0.0000	95.6917	4.3083
55.0100	0.0000	95.5960	4.4040
56.0100	0.0000	95.5004	4.4996
57.0100	0.0000	95.4049	4.5951
58.0100	0.0000	95.3095	4.6905
59.0100	0.0000	95.2142	4.7858
60.0100	0.0000	95.1190	4.8810
61.0100	0.0000	95.0238	4.9762
62.0100	0.0000	94.9288	5.0712
63.0100	0.0000	94.8339	5.1661
64.0100	0.0000	94.7391	5.2609
65.0100	0.0000	94.6443	5.3557
66.0100	0.0000	94.5497	5.4503
67.0100	0.0000	94.4551	5.5449
68.0100	0.0000	94.3607	5.6393
69.0100	0.0000	94.2663	5.7337
70.0100	0.0000	94.1720	5.8280
71.0100	0.0000	94.0779	5.9221
72.0100	0.0000	93.9838	6.0162
73.0100	0.0000	93.8898	6.1102
74.0100	0.0000	93.7959	6.2041
75.0100	0.0000	93.7021	6.2979
76.0100	0.0000	93.6084	6.3916
77.0100	0.0000	93.5148	6.4852
78.0100	0.0000	93.4213	6.5787
79.0100	0.0000	93.3279	6.6721
80.0100	0.0000	93.2345	6.7655
81.0100	0.0000	93.1413	6.8587
82.0100	0.0000	93.0482	6.9518
83.0100	0.0000	92.9551	7.0449
84.0100	0.0000	92.8622	7.1378
85.0100	0.0000	92.7693	7.2307
86.0100	0.0000	92.6765	7.3235
87.0100	0.0000	92.5839	7.4161
88.0100	0.0000	92.4913	7.5087
89.0100	0.0000	92.3988	7.6012
90.0100	0.0000	92.3064	7.6936
91.0100	0.0000	92.2141	7.7859
92.0100	0.0000	92.1219	7.8781
93.0100	0.0000	92.0297	7.9703
94.0100	0.0000	91.9377	8.0623
95.0100	0.0000	91.8458	8.1542
96.0100	0.0000	91.7539	8.2461
97.0100	0.0000	91.6622	8.3378
98.0100	0.0000	91.5705	8.4295
99.0100	0.0000	91.4789	8.5211
100.0100	0.0000	91.3875	8.6125
101.0100	0.0000	91.2961	8.7039
102.0100	0.0000	91.2048	8.7952
103.0100	0.0000	91.1136	8.8864
104.0100	0.0000	91.0225	8.9775
105.0100	0.0000	90.9314	9.0686
106.0100	0.0000	90.8405	9.1595
107.0100	0.0000	90.7497	9.2503
108.0100	0.0000	90.6589	9.3411
109.0100	0.0000	90.5683	9.4317
110.0100	0.0000	90.4777	9.5223
111.0100	0.0000	90.3872	9.6128
112.0100	0.0000	90.2968	9.7032
113.0100	0.0000	90.2065	9.7935
114.0100	0.0000	90.1163	9.8837
115.0100	0.0000	90.0262	9.9738
116.0100	0.0000	89.9362	10.0638
117.0100	0.0000	89.8462	10.1538
118.0100	0.0000	89.7564	10.2436
119.0100	0.0000	89.6666	10.3334
120.0100	0.0000	89.5770	10.4230
121.0100	0.0000	89.4874	10.5126
122.0100	0.0000	89.3979	10.6021
123.0100	0.0000	89.3085	10.6915
124.0100	0.0000	89.2192	10.7808
125.0100	0.0000	89.1300	10.8700
126.0100	0.0000	89.0409	10.9591
127.0100	0.0000	88.9518	11.0482
128.0100	0.0000	88.8629	11.1371
129.0100	0.0000	88.7740	11.2260
130.0100	0.0000	88.6852	11.3148
131.0100	0.0000	88.5965	11.4035
132.0100	0.0000	88.5079	11.4921
133.0100	0.0000	88.4194	11.5806
134.0100	0.0000	88.3310	11.6690
135.0100	0.0000	88.2427	11.7573
136.0100	0.0000	88.1544	11.8456
137.0100	0.0000	88.0663	11.9337
138.0100	0.0000	87.9782	12.0218
139.0100	0.0000	87.8902	12.1098
140.0100	0.0000	87.8024	12.1976
141.0100	0.0000	87.7146	12.2854
142.0100	0.0000	87.6268	12.3732
143.0100	0.0000	87.5392	12.4608
144.0100	0.0000	87.4517	12.5483
145.0100	0.0000	87.3642	12.6358
146.0100	0.0000	87.2769	12.7231
147.0100	0.0000	87.1896	12.8104
148.0100	0.0000	87.1024	12.8976
149.0100	0.0000	87.0153	12.9847
150.0100	0.0000	86.9283	13.0717
151.0100	0.0000	86.8413	13.1587
152.0100	0.0000	86.7545	13.2455
153.0100	0.0000	86.6677	13.3323
154.0100	0.0000	86.5811	13.4189
155.0100	0.0000	86.4945	13.5055
156.0100	0.0000	86.4080	13.5920
157.0100	0.0000	86.3216	13.6784
158.0100	0.0000	86.2353	13.7647
159.0100	0.0000	86.1490	13.8510
160.0100	0.0000	86.0629	13.9371
161.0100	0.0000	85.9768	14.0232
162.0100	0.0000	85.8909	14.1091
163.0100	0.0000	85.8050	14.1950
164.0100	0.0000	85.7192	14.2808
165.0100	0.0000	85.6334	14.3666
166.0100	0.0000	85.5478	14.4522
167.0100	0.0000	85.4623	14.5377
168.0100	0.0000	85.3768	14.6232
169.0100	0.0000	85.2914	14.7086
170.0100	0.0000	85.2061	14.7939
171.0100	0.0000	85.1209	14.8791
172.0100	0.0000	85.0358	14.9642
173.0100	0.0000	84.9508	15.0492
174.0100	0.0000	84.8658	15.1342
175.0100	0.0000	84.7809	15.2191
176.0100	0.0000	84.6962	15.3038
177.0100	0.0000	84.6115	15.3885
178.0100	0.0000	84.5269	15.4731
179.0100	0.0000	84.4423	15.5577
180.0100	0.0000	84.3579	15.6421
181.0100	0.0000	84.2735	15.7265
182.0100	0.0000	84.1893	15.8107
183.0100	0.0000	84.1051	15.8949
184.0100	0.0000	84.0210	15.9790
185.0100	0.0000	83.9369	16.0631
186.0100	0.0000	83.8530	16.1470
187.0100	0.0000	83.7691	16.2309
188.0100	0.0000	83.6854	16.3146
189.0100	0.0000	83.6017	16.3983
190.0100	0.0000	83.5181	16.4819
191.0100	0.0000	83.4346	16.5654
192.0100	0.0000	83.3511	16.6489
193.0100	0.0000	83.2678	16.7322
194.0100	0.0000	83.1845	16.8155
195.0100	0.0000	83.1013	16.8987
196.0100	0.0000	83.0182	16.9818
197.0100	0.0000	82.9352	17.0648
198.0100	0.0000	82.8523	17.1477
199.0100	0.0000	82.7694	17.2306
