# Time	Population
0.0000	99.0000	1.0000	0.0000
0.0100	98.3625	1.6362	0.0013
1.0100	97.3304	2.6662	0.0034
2.0100	95.6771	4.3161	0.0068
3.0100	93.0734	6.9143	0.0123
4.0100	89.0812	10.8977	0.0211
5.0100	83.2040	16.7612	0.0348
6.0100	75.0503	24.8944	0.0554
7.0100	64.6226	35.2921	0.0853
8.0100	52.5922	47.2813	0.1265
9.0100	40.2566	59.5635	0.1800
10.0100	29.0462	70.7086	0.2453
11.0100	19.9215	79.7578	0.3207
12.0100	13.1369	86.4591	0.4040
13.0100	8.4231	91.0840	0.4929
14.0100	5.2998	94.1146	0.5856
15.0100	3.2944	96.0248	0.6808
16.0100	2.0325	97.1901	0.7774
17.0100	1.2483	97.8767	0.8750
18.0100	0.7647	98.2622	0.9731
19.0100	0.4677	98.4608	1.0715
20.0100	0.2859	98.5441	1.1700
21.0100	0.1747	98.5567	1.2685
22.0100	0.1068	98.5261	1.3671
23.0100	0.0653	98.4691	1.4656
24.0100	0.0399	98.3961	1.5640
25.0100	0.0244	98.3132	1.6624
26.0100	0.0149	98.2244	1.7606
27.0100	0.0092	98.1320	1.8588
28.0100	0.0056	98.0375	1.9569
29.0100	0.0034	97.9417	2.0549
30.0100	0.0021	97.8451	2.1528
31.0100	0.0013	97.7481	2.2506
32.0100	0.0008	97.6509	2.3483
33.0100	0.0005	97.5536	2.4459
34.0100	0.0003	97.4563	2.5434
35.0100	0.0002	97.3590	2.6408
36.0100	0.0001	97.2618	2.7381
37.0100	0.0001	97.1646	2.8353
38.0100	0.0000	97.0675	2.9324
39.0100	0.0000	96.9705	3.0295
40.0100	0.0000	96.8736	3.1264
41.0100	0.0000	96.7768	3.2232
42.0100	0.0000	96.6801	3.3199
43.0100	0.0000	96.5834	3.4166
44.0100	0.0000	96.4869	3.5131
45.0100	0.0000	96.3905	3.6095
46.0100	0.0000	96.2941	3.7059
47.0100	0.0000	96.1979	3.8021
48.0100	0.0000	96.1017	3.8983
49.0100	0.0000	96.0057	3.9943
50.0100	0.0000	95.9097	4.0903
51.0100	0.0000	95.8139	4.1861
52.0100	0.0000	95.7181	4.2819
53.0100	0.0000	95.6224	4.3776
54.0100	0.0000	95.5268	4.4732
55.0100	0.0000	95.4314	4.5686
56.0100	0.0000	95.3360	4.6640
57.0100	0.0000	95.2407	4.7593
58.0100	0.0000	95.1455	4.8545
59.0100	0.0000	95.0504	4.9496
60.0100	0.0000	94.9554	5.0446
61.0100	0.0000	94.8605	5.1395
62.0100	0.0000	94.7657	5.2343
63.0100	0.0000	94.6710	5.3290
64.0100	0.0000	94.5763	5.4237
65.0100	0.0000	94.4818	5.5182
66.0100	0.0000	94.3874	5.6126
67.0100	0.0000	94.2930	5.7070
68.0100	0.0000	94.1988	5.8012
69.0100	0.0000	94.1046	5.8954
70.0100	0.0000	94.0106	5.9894
71.0100	0.0000	93.9166	6.0834
72.0100	0.0000	93.8227	6.1773
73.0100	0.0000	93.7290	6.2710
74.0100	0.0000	93.6353	6.3647
75.0100	0.0000	93.5417	6.4583
76.0100	0.0000	93.4482	6.5518
77.0100	0.0000	93.3548	6.6452
78.0100	0.0000	93.2615	6.7385
79.0100	0.0000	93.1683	6.8317
80.0100	0.0000	93.0752	6.9248
81.0100	0.0000	92.9821	7.0179
82.0100	0.0000	92.8892	7.1108
83.0100	0.0000	92.7963	7.2037
84.0100	0.0000	92.7036	7.2964
85.0100	0.0000	92.6109	7.3891
86.0100	0.0000	92.5184	7.4816
87.0100	0.0000	92.4259	7.5741
88.0100	0.0000	92.3335	7.6665
89.0100	0.0000	92.2412	7.7588
90.0100	0.0000	92.1490	7.8510
91.0100	0.0000	92.0569	7.9431
92.0100	0.0000	91.9649	8.0351
93.0100	0.0000	91.8730	8.1270
94.0100	0.0000	91.7812	8.2188
95.0100	0.0000	91.6894	8.3106
96.0100	0.0000	91.5978	8.4022
97.0100	0.0000	91.5062	8.4938
98.0100	0.0000	91.4148	8.5852
99.0100	0.0000	91.3234	8.6766
100.0100	0.0000	91.2321	8.7679
101.0100	0.0000	91.1410	8.8590
102.0100	0.0000	91.0499	8.9501
103.0100	0.0000	90.9589	9.0411
104.0100	0.0000	90.8679	9.1321
105.0100	0.0000	90.7771	9.2229
106.0100	0.0000	90.6864	9.3136
107.0100	0.0000	90.5957	9.4043
108.0100	0.0000	90.5052	9.4948
109.0100	0.0000	90.4147	9.5853
110.0100	0.0000	90.3244	9.6756
111.0100	0.0000	90.2341	9.7659
112.0100	0.0000	90.1439	9.8561
113.0100	0.0000	90.0538	9.9462
114.0100	0.0000	89.9638	10.0362
115.0100	0.0000	89.8739	10.1261
116.0100	0.0000	89.7840	10.2160
117.0100	0.0000	89.6943	10.3057
118.0100	0.0000	89.6047	10.3953
119.0100	0.0000	89.5151	10.4849
120.0100	0.0000	89.4256	10.5744
121.0100	0.0000	89.3362	10.6638
122.0100	0.0000	89.2470	10.7530
123.0100	0.0000	89.1577	10.8423
124.0100	0.0000	89.0686	10.9314
125.0100	0.0000	88.9796	11.0204
126.0100	0.0000	88.8907	11.1093
127.0100	0.0000	88.8018	11.1982
128.0100	0.0000	88.7131	11.2869
129.0100	0.0000	88.6244	11.3756
130.0100	0.0000	88.5358	11.4642
131.0100	0.0000	88.4473	11.5527
132.0100	0.0000	88.3589	11.6411
133.0100	0.0000	88.2706	11.7294
134.0100	0.0000	88.1824	11.8176
135.0100	0.0000	88.0943	11.9057
136.0100	0.0000	88.0062	11.9938
137.0100	0.0000	87.9182	12.0818
138.0100	0.0000	87.8304	12.1696
139.0100	0.0000	87.7426	12.2574
140.0100	0.0000	87.6549	12.3451
141.0100	0.0000	87.5673	12.4327
142.0100	0.0000	87.4797	12.5203
143.0100	0.0000	87.3923	12.6077
144.0100	0.0000	87.3050	12.6950
145.0100	0.0000	87.2177	12.7823
146.0100	0.0000	87.1305	12.8695
147.0100	0.0000	87.0434	12.9566
148.0100	0.0000	86.9564	13.0436
149.0100	0.0000	86.8695	13.1305
150.0100	0.0000	86.7827	13.2173
151.0100	0.0000	86.6960	13.3040
152.0100	0.0000	86.6093	13.3907
153.0100	0.0000	86.5227	13.4773
154.0100	0.0000	86.4363	13.5637
155.0100	0.0000	86.3499	13.6501
156.0100	0.0000	86.2636	13.7364
157.0100	0.0000	86.1773	13.8227
158.0100	0.0000	86.0912	13.9088
159.0100	0.0000	86.0052	13.9948
160.0100	0.0000	85.9192	14.0808
161.0100	0.0000	85.8333	14.1667
162.0100	0.0000	85.7475	14.2525
163.0100	0.0000	85.6618	14.3382
164.0100	0.0000	85.5762	14.4238
165.0100	0.0000	85.4907	14.5093
166.0100	0.0000	85.4052	14.5948
167.0100	0.0000	85.3199	14.6801
168.0100	0.0000	85.2346	14.7654
169.0100	0.0000	85.1494	14.8506
170.0100	0.0000	85.0643	14.9357
171.0100	0.0000	84.9793	15.0207
172.0100	0.0000	84.8943	15.1057
173.0100	0.0000	84.8095	15.1905
174.0100	0.0000	84.7247	15.2753
175.0100	0.0000	84.6400	15.3600
176.0100	0.0000	84.5554	15.4446
177.0100	0.0000	84.4709	15.5291
178.0100	0.0000	84.3865	15.6135
179.0100	0.0000	84.3021	15.6979
180.0100	0.0000	84.2179	15.7821
181.0100	0.0000	84.1337	15.8663
182.0100	0.0000	84.0496	15.9504
183.0100	0.0000	83.9656	16.0344
184.0100	0.0000	83.8817	16.1183
185.0100	0.0000	83.7978	16.2022
186.0100	0.0000	83.7141	16.2859
187.0100	0.0000	83.6304	16.3696
188.0100	0.0000	83.5468	16.4532
189.0100	0.0000	83.4633	16.5367
190.0100	0.0000	83.3799	16.6201
191.0100	0.0000	83.2966	16.7034
192.0100	0.0000	83.2133	16.7867
193.0100	0.0000	83.1301	16.8699
194.0100	0.0000	83.0470	16.9530
195.0100	0.0000	82.9640	17.0360
196.0100	0.0000	82.8811	17.1189
197.0100	0.0000	82.7983	17.2017
198.0100	0.0000	82.7155	17.2845
199.0100	0.0000	82.6328	17.3672
